0, 1713958625405754, 1713958625406046, 292
1, 1713958625428007, 1713958625430592, 2585
2, 1713958625440323, 1713958625448802, 8479
3, 1713958625456100, 1713958625466140, 10040
4, 1713958625473617, 1713958625482374, 8757
5, 1713958625488050, 1713958625493396, 5346
6, 1713958625505681, 1713958625516377, 10696
7, 1713958625517980, 1713958625536068, 18088
8, 1713958625543146, 1713958625550737, 7591
9, 1713958625561209, 1713958625565984, 4775
10, 1713958625573412, 1713958625583488, 10076
11, 1713958625588095, 1713958625593503, 5408
12, 1713958625605750, 1713958625618015, 12265
13, 1713958625618028, 1713958625645957, 27929
14, 1713958625640218, 1713958625662520, 22302
15, 1713958625652372, 1713958625673197, 20825
16, 1713958625664556, 1713958625695564, 31008
17, 1713958625685411, 1713958625705566, 20155
18, 1713958625700049, 1713958625722416, 22367
19, 1713958625721058, 1713958625742445, 21387
20, 1713958625741979, 1713958625758447, 16468
21, 1713958625756950, 1713958625769234, 12284
22, 1713958625772995, 1713958625781794, 8799
23, 1713958625793981, 1713958625798022, 4041
24, 1713958625806291, 1713958625812424, 6133
25, 1713958625826543, 1713958625834276, 7733
26, 1713958625838914, 1713958625858577, 19663
27, 1713958625860051, 1713958625864637, 4586
28, 1713958625884602, 1713958625884746, 144
29, 1713958625898827, 1713958625899002, 175
30, 1713958625916163, 1713958625916354, 191
31, 1713958625936447, 1713958625936592, 145
32, 1713958625950850, 1713958625953663, 2813
33, 1713958625963155, 1713958625973747, 10592
34, 1713958625976112, 1713958625989196, 13084
35, 1713958626001394, 1713958626009420, 8026
36, 1713958626015634, 1713958626019942, 4308
37, 1713958626027890, 1713958626041197, 13307
38, 1713958626055722, 1713958626055969, 247
39, 1713958626070848, 1713958626074435, 3587
40, 1713958626083043, 1713958626087908, 4865
41, 1713958626095244, 1713958626107720, 12476
42, 1713958626107473, 1713958626122721, 15248
43, 1713958626129460, 1713958626136750, 7290
44, 1713958626144096, 1713958626157302, 13206
45, 1713958626165346, 1713958626172604, 7258
46, 1713958626180048, 1713958626187407, 7359
47, 1713958626201325, 1713958626205361, 4036
48, 1713958626213618, 1713958626219642, 6024
49, 1713958626225940, 1713958626228662, 2722
50, 1713958626251053, 1713958626252174, 1121
51, 1713958626263293, 1713958626263898, 605
52, 1713958626277631, 1713958626278336, 705
53, 1713958626296055, 1713958626296116, 61
54, 1713958626312055, 1713958626312149, 94
55, 1713958626328049, 1713958626328142, 93
56, 1713958626350680, 1713958626355478, 4798
57, 1713958626369646, 1713958626372647, 3001
58, 1713958626381827, 1713958626389504, 7677
59, 1713958626401390, 1713958626405983, 4593
60, 1713958626413610, 1713958626423678, 10068
61, 1713958626433208, 1713958626440790, 7582
62, 1713958626453256, 1713958626457302, 4046
63, 1713958626465429, 1713958626470852, 5423
64, 1713958626480049, 1713958626487107, 7058
65, 1713958626497592, 1713958626503668, 6076
66, 1713958626512049, 1713958626520070, 8021
67, 1713958626529661, 1713958626535992, 6331
68, 1713958626544049, 1713958626554803, 10754
69, 1713958626561476, 1713958626570516, 9040
70, 1713958626576095, 1713958626587225, 11130
71, 1713958626597059, 1713958626602635, 5576
72, 1713958626609321, 1713958626622582, 13261
73, 1713958626624086, 1713958626641644, 17558
74, 1713958626639804, 1713958626661811, 22007
75, 1713958626656062, 1713958626681204, 25142
76, 1713958626688071, 1713958626698698, 10627
77, 1713958626702398, 1713958626711936, 9538
78, 1713958626716873, 1713958626727640, 10767
79, 1713958626741981, 1713958626750369, 8388
80, 1713958626756208, 1713958626763334, 7126
81, 1713958626769357, 1713958626782284, 12927
82, 1713958626781594, 1713958626795649, 14055
83, 1713958626796667, 1713958626821737, 25070
84, 1713958626821986, 1713958626841150, 19164
85, 1713958626838982, 1713958626859207, 20225
86, 1713958626851081, 1713958626869440, 18359
87, 1713958626863229, 1713958626894407, 31178
88, 1713958626875389, 1713958626907845, 32456
89, 1713958626892054, 1713958626917211, 25157
90, 1713958626904331, 1713958626937195, 32864
91, 1713958626924053, 1713958626954351, 30298
92, 1713958626952428, 1713958626976279, 23851
93, 1713958626966584, 1713958626991862, 25278
94, 1713958626988490, 1713958627010669, 22179
95, 1713958627000733, 1713958627028449, 27716
96, 1713958627017356, 1713958627037620, 20264
97, 1713958627032395, 1713958627056939, 24544
98, 1713958627049828, 1713958627079845, 30017
99, 1713958627072048, 1713958627095995, 23947
100, 1713958627089797, 1713958627118419, 28622
101, 1713958627109979, 1713958627132605, 22626
102, 1713958627122307, 1713958627153197, 30890
103, 1713958627143897, 1713958627171705, 27808
104, 1713958627169183, 1713958627177515, 8332
105, 1713958627181347, 1713958627193221, 11874
106, 1713958627205979, 1713958627212736, 6757
107, 1713958627218232, 1713958627232037, 13805
108, 1713958627237500, 1713958627246948, 9448
109, 1713958627252095, 1713958627263686, 11591
110, 1713958627269983, 1713958627275518, 5535
111, 1713958627282156, 1713958627299875, 17719
112, 1713958627300054, 1713958627313362, 13308
113, 1713958627328054, 1713958627332526, 4472
114, 1713958627345260, 1713958627348215, 2955
115, 1713958627359294, 1713958627362572, 3278
116, 1713958627371557, 1713958627387277, 15720
117, 1713958627386845, 1713958627396705, 9860
118, 1713958627405560, 1713958627418933, 13373
119, 1713958627424052, 1713958627429515, 5463
120, 1713958627436364, 1713958627443738, 7374
121, 1713958627465661, 1713958627465806, 145
122, 1713958627479760, 1713958627486043, 6283
123, 1713958627491930, 1713958627501111, 9181
124, 1713958627504351, 1713958627516429, 12078
125, 1713958627517095, 1713958627533657, 16562
126, 1713958627545799, 1713958627554221, 8422
127, 1713958627559811, 1713958627573772, 13961
128, 1713958627580614, 1713958627585941, 5327
129, 1713958627592786, 1713958627603694, 10908
130, 1713958627613979, 1713958627621330, 7351
131, 1713958627626226, 1713958627647148, 20922
132, 1713958627647914, 1713958627663540, 15626
133, 1713958627664266, 1713958627673335, 9069
134, 1713958627685512, 1713958627688908, 3396
135, 1713958627701978, 1713958627705063, 3085
136, 1713958627721201, 1713958627723506, 2305
137, 1713958627733477, 1713958627739207, 5730
138, 1713958627752672, 1713958627757709, 5037
139, 1713958627764808, 1713958627775120, 10312
140, 1713958627780094, 1713958627785442, 5348
141, 1713958627792284, 1713958627802387, 10103
142, 1713958627804507, 1713958627819423, 14916
143, 1713958627827575, 1713958627833469, 5894
144, 1713958627839866, 1713958627861208, 21342
145, 1713958627868053, 1713958627873263, 5210
146, 1713958627888049, 1713958627895797, 7748
147, 1713958627905676, 1713958627910636, 4960
148, 1713958627917858, 1713958627919732, 1874
149, 1713958627936073, 1713958627946147, 10074
150, 1713958627955904, 1713958627961872, 5968
151, 1713958627973778, 1713958627979206, 5428
152, 1713958627988048, 1713958627996750, 8702
153, 1713958628009999, 1713958628014933, 4934
154, 1713958628032054, 1713958628032235, 181
155, 1713958628046111, 1713958628047700, 1589
156, 1713958628061600, 1713958628066839, 5239
157, 1713958628075982, 1713958628081438, 5456
158, 1713958628088058, 1713958628099761, 11703
159, 1713958628109440, 1713958628116596, 7156
160, 1713958628121553, 1713958628134427, 12874
161, 1713958628136085, 1713958628145218, 9133
162, 1713958628162237, 1713958628164505, 2268
163, 1713958628184067, 1713958628184164, 97
164, 1713958628197900, 1713958628199846, 1946
165, 1713958628216054, 1713958628216152, 98
166, 1713958628229637, 1713958628231647, 2010
167, 1713958628248056, 1713958628248154, 98
168, 1713958628261987, 1713958628263812, 1825
169, 1713958628284869, 1713958628285933, 1064
170, 1713958628301982, 1713958628306780, 4798
171, 1713958628321206, 1713958628322244, 1038
172, 1713958628333376, 1713958628338724, 5348
173, 1713958628345486, 1713958628358778, 13292
174, 1713958628360086, 1713958628372826, 12740
175, 1713958628386431, 1713958628393983, 7552
176, 1713958628398621, 1713958628412475, 13854
177, 1713958628416054, 1713958628423931, 7877
178, 1713958628430204, 1713958628437434, 7230
179, 1713958628449631, 1713958628453565, 3934
180, 1713958628461788, 1713958628475672, 13884
181, 1713958628483942, 1713958628489290, 5348
182, 1713958628496138, 1713958628508978, 12840
183, 1713958628522199, 1713958628526210, 4011
184, 1713958628534277, 1713958628544089, 9812
185, 1713958628556297, 1713958628566384, 10087
186, 1713958628573934, 1713958628581459, 7525
187, 1713958628588050, 1713958628597443, 9393
188, 1713958628605979, 1713958628614731, 8752
189, 1713958628618040, 1713958628631500, 13460
190, 1713958628630123, 1713958628637460, 7337
191, 1713958628642262, 1713958628652386, 10124
192, 1713958628664641, 1713958628673764, 9123
193, 1713958628687746, 1713958628689015, 1269
194, 1713958628699858, 1713958628703170, 3312
195, 1713958628720052, 1713958628720193, 141
196, 1713958628737981, 1713958628738129, 148
197, 1713958628752273, 1713958628752368, 95
198, 1713958628766217, 1713958628769791, 3574
199, 1713958628789931, 1713958628790950, 1019
