0, 1713958801413314, 1713958801413559, 245
1, 1713958801435392, 1713958801439656, 4264
2, 1713958801447580, 1713958801455233, 7653
3, 1713958801467476, 1713958801471644, 4168
4, 1713958801479701, 1713958801496285, 16584
5, 1713958801491950, 1713958801527650, 35700
6, 1713958801523523, 1713958801547299, 23776
7, 1713958801535620, 1713958801567677, 32057
8, 1713958801559503, 1713958801596607, 37104
9, 1713958801571682, 1713958801620002, 48320
10, 1713958801583902, 1713958801641333, 57431
11, 1713958801608040, 1713958801664785, 56745
12, 1713958801620316, 1713958801695204, 74888
13, 1713958801635661, 1713958801716138, 80477
14, 1713958801647776, 1713958801759130, 111354
15, 1713958801668493, 1713958801772266, 103773
16, 1713958801687751, 1713958801807752, 120001
17, 1713958801699923, 1713958801826431, 126508
18, 1713958801712127, 1713958801837900, 125773
19, 1713958801724359, 1713958801856803, 132444
20, 1713958801763763, 1713958801874839, 111076
21, 1713958801784455, 1713958801884919, 100464
22, 1713958801803753, 1713958801898627, 94874
23, 1713958801815939, 1713958801914810, 98871
24, 1713958801828113, 1713958801932496, 104383
25, 1713958801840761, 1713958801951149, 110388
26, 1713958801860845, 1713958801966078, 105233
27, 1713958801877725, 1713958801981314, 103589
28, 1713958801894513, 1713958802000964, 106451
29, 1713958801907762, 1713958802020590, 112828
30, 1713958801923801, 1713958802038149, 114348
31, 1713958801936045, 1713958802058732, 122687
32, 1713958801965439, 1713958802071177, 105738
33, 1713958801981972, 1713958802082684, 100712
34, 1713958802014533, 1713958802114159, 99626
35, 1713958802026671, 1713958802137906, 111235
36, 1713958802047711, 1713958802152097, 104386
37, 1713958802062182, 1713958802185609, 123427
38, 1713958802079730, 1713958802199721, 119991
39, 1713958802099710, 1713958802213137, 113427
40, 1713958802119734, 1713958802233908, 114174
41, 1713958802131903, 1713958802248087, 116184
42, 1713958802155708, 1713958802282471, 126763
43, 1713958802171797, 1713958802295926, 124129
44, 1713958802187763, 1713958802316289, 128526
45, 1713958802203797, 1713958802335936, 132139
46, 1713958802217825, 1713958802361999, 144174
47, 1713958802244986, 1713958802384029, 139043
48, 1713958802258088, 1713958802404822, 146734
49, 1713958802270333, 1713958802413364, 143031
50, 1713958802282632, 1713958802441118, 158486
51, 1713958802299957, 1713958802455288, 155331
52, 1713958802316412, 1713958802483149, 166737
53, 1713958802339755, 1713958802497335, 157580
54, 1713958802352270, 1713958802519870, 167600
55, 1713958802387755, 1713958802536741, 148986
56, 1713958802409245, 1713958802558015, 148770
57, 1713958802425552, 1713958802589260, 163708
58, 1713958802443756, 1713958802614065, 170309
59, 1713958802455887, 1713958802643104, 187217
60, 1713958802487786, 1713958802656616, 168830
61, 1713958802502049, 1713958802683214, 181165
62, 1713958802531958, 1713958802709855, 177897
63, 1713958802559731, 1713958802721985, 162254
64, 1713958802587875, 1713958802734795, 146920
65, 1713958802602250, 1713958802753355, 151105
66, 1713958802615759, 1713958802781545, 165786
67, 1713958802651712, 1713958802796148, 144436
68, 1713958802671734, 1713958802813113, 141379
69, 1713958802683943, 1713958802840166, 156223
70, 1713958802698265, 1713958802852177, 153912
71, 1713958802711762, 1713958802864457, 152695
72, 1713958802731716, 1713958802882371, 150655
73, 1713958802744044, 1713958802895410, 151366
74, 1713958802766630, 1713958802916097, 149467
75, 1713958802795765, 1713958802933986, 138221
76, 1713958802815757, 1713958802948451, 132694
77, 1713958802855760, 1713958802962662, 106902
78, 1713958802891710, 1713958802973960, 82250
79, 1713958802916363, 1713958802999888, 83525
80, 1713958802937809, 1713958803015905, 78096
81, 1713958802950036, 1713958803039296, 89260
82, 1713958802962742, 1713958803056764, 94022
83, 1713958802976995, 1713958803067842, 90847
84, 1713958802995735, 1713958803087931, 92196
85, 1713958803013654, 1713958803112774, 99120
86, 1713958803025790, 1713958803136423, 110633
87, 1713958803039765, 1713958803147183, 107418
88, 1713958803059731, 1713958803170068, 110337
89, 1713958803080096, 1713958803180605, 100509
90, 1713958803092435, 1713958803193297, 100862
91, 1713958803131835, 1713958803203988, 72153
92, 1713958803151764, 1713958803227164, 75400
93, 1713958803179788, 1713958803242365, 62577
94, 1713958803197024, 1713958803256963, 59939
95, 1713958803216300, 1713958803271398, 55098
96, 1713958803241188, 1713958803285503, 44315
97, 1713958803268620, 1713958803316265, 47645
98, 1713958803282794, 1713958803330773, 47979
99, 1713958803304987, 1713958803343590, 38603
100, 1713958803333796, 1713958803361579, 27783
101, 1713958803346055, 1713958803372369, 26314
102, 1713958803360105, 1713958803395783, 35678
103, 1713958803374118, 1713958803408576, 34458
104, 1713958803409337, 1713958803437437, 28100
105, 1713958803451761, 1713958803451872, 111
106, 1713958803465378, 1713958803465521, 143
107, 1713958803482590, 1713958803485740, 3150
108, 1713958803509209, 1713958803509270, 61
109, 1713958803527762, 1713958803527898, 136
110, 1713958803559485, 1713958803559549, 64
111, 1713958803572595, 1713958803578120, 5525
112, 1713958803607715, 1713958803609667, 1952
113, 1713958803622215, 1713958803625079, 2864
114, 1713958803634326, 1713958803639124, 4798
115, 1713958803646441, 1713958803668806, 22365
116, 1713958803658572, 1713958803681015, 22443
117, 1713958803670746, 1713958803716900, 46154
118, 1713958803695755, 1713958803749127, 53372
119, 1713958803729158, 1713958803768131, 38973
120, 1713958803743055, 1713958803813767, 70712
121, 1713958803757506, 1713958803829339, 71833
122, 1713958803769617, 1713958803844963, 75346
123, 1713958803791758, 1713958803864061, 72303
124, 1713958803811716, 1713958803885517, 73801
125, 1713958803823899, 1713958803911302, 87403
126, 1713958803856392, 1713958803934846, 78454
127, 1713958803896835, 1713958803951681, 54846
128, 1713958803926274, 1713958803966623, 40349
129, 1713958803941638, 1713958803992974, 51336
130, 1713958803957799, 1713958804005719, 47920
131, 1713958803989638, 1713958804028802, 39164
132, 1713958804004091, 1713958804053185, 49094
133, 1713958804018026, 1713958804069232, 51206
134, 1713958804030151, 1713958804079516, 49365
135, 1713958804051374, 1713958804097512, 46138
136, 1713958804065702, 1713958804115769, 50067
137, 1713958804082003, 1713958804137596, 55593
138, 1713958804109611, 1713958804151822, 42211
139, 1713958804140289, 1713958804171913, 31624
140, 1713958804156333, 1713958804193504, 37171
141, 1713958804175731, 1713958804214289, 38558
142, 1713958804211717, 1713958804239727, 28010
143, 1713958804226636, 1713958804266838, 40202
144, 1713958804238811, 1713958804287768, 48957
145, 1713958804261638, 1713958804303745, 42107
146, 1713958804273992, 1713958804317076, 43084
147, 1713958804286433, 1713958804336958, 50525
148, 1713958804307712, 1713958804364560, 56848
149, 1713958804328635, 1713958804377237, 48602
150, 1713958804368560, 1713958804405549, 36989
151, 1713958804380975, 1713958804425435, 44460
152, 1713958804398282, 1713958804451992, 53710
153, 1713958804429771, 1713958804468309, 38538
154, 1713958804442083, 1713958804494505, 52422
155, 1713958804454449, 1713958804507115, 52666
156, 1713958804484608, 1713958804529282, 44674
157, 1713958804511724, 1713958804550527, 38803
158, 1713958804527108, 1713958804564424, 37316
159, 1713958804539556, 1713958804580881, 41325
160, 1713958804552016, 1713958804602198, 50182
161, 1713958804567835, 1713958804616432, 48597
162, 1713958804585594, 1713958804639301, 53707
163, 1713958804607707, 1713958804657776, 50069
164, 1713958804620074, 1713958804696386, 76312
165, 1713958804636168, 1713958804721296, 85128
166, 1713958804652618, 1713958804739333, 86715
167, 1713958804673578, 1713958804761704, 88126
168, 1713958804686000, 1713958804779730, 93730
169, 1713958804698347, 1713958804803075, 104728
170, 1713958804725068, 1713958804820279, 95211
171, 1713958804743372, 1713958804837017, 93645
172, 1713958804763710, 1713958804858203, 94493
173, 1713958804793864, 1713958804875909, 82045
174, 1713958804811717, 1713958804897620, 85903
175, 1713958804828809, 1713958804932686, 103877
176, 1713958804841086, 1713958804956213, 115127
177, 1713958804867434, 1713958804977914, 110480
178, 1713958804880025, 1713958805008175, 128150
179, 1713958804903762, 1713958805024007, 120245
180, 1713958804938642, 1713958805036512, 97870
181, 1713958804963754, 1713958805055641, 91887
182, 1713958804981895, 1713958805072859, 90964
183, 1713958805020232, 1713958805092869, 72637
184, 1713958805050741, 1713958805110731, 59990
185, 1713958805065347, 1713958805128557, 63210
186, 1713958805080816, 1713958805148990, 68174
187, 1713958805100858, 1713958805170691, 69833
188, 1713958805115514, 1713958805185152, 69638
189, 1713958805135707, 1713958805196126, 60419
190, 1713958805155706, 1713958805206989, 51283
191, 1713958805170517, 1713958805228554, 58037
192, 1713958805188550, 1713958805244798, 56248
193, 1713958805210998, 1713958805256781, 45783
194, 1713958805227765, 1713958805271501, 43736
195, 1713958805248846, 1713958805283639, 34793
196, 1713958805262700, 1713958805304449, 41749
197, 1713958805275111, 1713958805323749, 48638
198, 1713958805289640, 1713958805345334, 55694
199, 1713958805323840, 1713958805361502, 37662
