0, 1713961016714294, 1713961016714635, 341
1, 1713961016731911, 1713961016732141, 230
2, 1713961016744368, 1713961016744588, 220
3, 1713961016756791, 1713961016757022, 231
4, 1713961016769233, 1713961016769445, 212
5, 1713961016781661, 1713961016781872, 211
6, 1713961016794096, 1713961016794306, 210
7, 1713961016806566, 1713961016806777, 211
8, 1713961016819030, 1713961016819239, 209
9, 1713961016831491, 1713961016831697, 206
10, 1713961016843955, 1713961016844164, 209
11, 1713961016856459, 1713961016856667, 208
12, 1713961016868908, 1713961016869118, 210
13, 1713961016881404, 1713961016881614, 210
14, 1713961016893909, 1713961016894117, 208
15, 1713961016906421, 1713961016906630, 209
16, 1713961016918985, 1713961016919193, 208
17, 1713961016931523, 1713961016931732, 209
18, 1713961016944069, 1713961016944275, 206
19, 1713961016956615, 1713961016956822, 207
20, 1713961016971407, 1713961016971613, 206
21, 1713961016983786, 1713961016983993, 207
22, 1713961016996175, 1713961016996385, 210
23, 1713961017008578, 1713961017008785, 207
24, 1713961017021001, 1713961017021213, 212
25, 1713961017033452, 1713961017033658, 206
26, 1713961017045876, 1713961017046083, 207
27, 1713961017058313, 1713961017058520, 207
28, 1713961017070758, 1713961017070963, 205
29, 1713961017083241, 1713961017083447, 206
30, 1713961017095703, 1713961017095911, 208
31, 1713961017108179, 1713961017108386, 207
32, 1713961017120663, 1713961017120869, 206
33, 1713961017133170, 1713961017133375, 205
34, 1713961017145699, 1713961017145905, 206
35, 1713961017158232, 1713961017158438, 206
36, 1713961017170745, 1713961017170951, 206
37, 1713961017183279, 1713961017183485, 206
38, 1713961017195845, 1713961017196051, 206
39, 1713961017208390, 1713961017208595, 205
40, 1713961017223135, 1713961017223341, 206
41, 1713961017235515, 1713961017235721, 206
42, 1713961017247902, 1713961017248110, 208
43, 1713961017260330, 1713961017260534, 204
44, 1713961017272736, 1713961017272956, 220
45, 1713961017285170, 1713961017285376, 206
46, 1713961017297595, 1713961017297801, 206
47, 1713961017310057, 1713961017310262, 205
48, 1713961017322502, 1713961017322708, 206
49, 1713961017334966, 1713961017335219, 253
50, 1713961017347488, 1713961017347694, 206
51, 1713961017359960, 1713961017360167, 207
52, 1713961017372497, 1713961017372704, 207
53, 1713961017384988, 1713961017385193, 205
54, 1713961017397485, 1713961017397691, 206
55, 1713961017410016, 1713961017410221, 205
56, 1713961017422557, 1713961017422762, 205
57, 1713961017435106, 1713961017435310, 204
58, 1713961017447673, 1713961017447878, 205
59, 1713961017460250, 1713961017460455, 205
60, 1713961017475028, 1713961017475234, 206
61, 1713961017487470, 1713961017487675, 205
62, 1713961017499904, 1713961017500108, 204
63, 1713961017512335, 1713961017512540, 205
64, 1713961017524773, 1713961017524993, 220
65, 1713961017537265, 1713961017537471, 206
66, 1713961017549725, 1713961017549931, 206
67, 1713961017562193, 1713961017562398, 205
68, 1713961017574666, 1713961017574871, 205
69, 1713961017587150, 1713961017587355, 205
70, 1713961017599703, 1713961017599910, 207
71, 1713961017612187, 1713961017612390, 203
72, 1713961017624653, 1713961017624857, 204
73, 1713961017637148, 1713961017637354, 206
74, 1713961017649672, 1713961017649877, 205
75, 1713961017662206, 1713961017662412, 206
76, 1713961017674723, 1713961017674929, 206
77, 1713961017687254, 1713961017687461, 207
78, 1713961017699796, 1713961017700003, 207
79, 1713961017712368, 1713961017712573, 205
80, 1713961017727114, 1713961017727321, 207
81, 1713961017739492, 1713961017739697, 205
82, 1713961017751887, 1713961017752093, 206
83, 1713961017764310, 1713961017764514, 204
84, 1713961017776711, 1713961017776930, 219
85, 1713961017789146, 1713961017789352, 206
86, 1713961017801570, 1713961017801778, 208
87, 1713961017814006, 1713961017814211, 205
88, 1713961017826471, 1713961017826675, 204
89, 1713961017838919, 1713961017839123, 204
90, 1713961017851380, 1713961017851586, 206
91, 1713961017863848, 1713961017864053, 205
92, 1713961017876354, 1713961017876558, 204
93, 1713961017888841, 1713961017889081, 240
94, 1713961017905686, 1713961017905896, 210
95, 1713961017922486, 1713961017922713, 227
96, 1713961017938796, 1713961017939004, 208
97, 1713961017952907, 1713961017953113, 206
98, 1713961017967029, 1713961017967236, 207
99, 1713961017981173, 1713961017981380, 207
100, 1713961017995289, 1713961017995497, 208
101, 1713961018009433, 1713961018009678, 245
102, 1713961018023596, 1713961018023807, 211
103, 1713961018037747, 1713961018037953, 206
104, 1713961018051894, 1713961018052100, 206
105, 1713961018066008, 1713961018066215, 207
106, 1713961018080148, 1713961018080356, 208
107, 1713961018094264, 1713961018094472, 208
108, 1713961018108408, 1713961018108613, 205
109, 1713961018122520, 1713961018122725, 205
110, 1713961018136659, 1713961018136865, 206
111, 1713961018150785, 1713961018150991, 206
112, 1713961018164957, 1713961018165164, 207
113, 1713961018179073, 1713961018179278, 205
114, 1713961018193185, 1713961018193392, 207
115, 1713961018207322, 1713961018207530, 208
116, 1713961018221434, 1713961018221640, 206
117, 1713961018235575, 1713961018235784, 209
118, 1713961018249686, 1713961018249891, 205
119, 1713961018263822, 1713961018264029, 207
120, 1713961018277936, 1713961018278141, 205
121, 1713961018292078, 1713961018292286, 208
122, 1713961018306193, 1713961018306399, 206
123, 1713961018320305, 1713961018320512, 207
124, 1713961018334444, 1713961018334648, 204
125, 1713961018348553, 1713961018348759, 206
126, 1713961018362690, 1713961018362896, 206
127, 1713961018376798, 1713961018377019, 221
128, 1713961018390951, 1713961018391158, 207
129, 1713961018405063, 1713961018405269, 206
130, 1713961018419178, 1713961018419383, 205
131, 1713961018433288, 1713961018433493, 205
132, 1713961018447400, 1713961018447606, 206
133, 1713961018461541, 1713961018461745, 204
134, 1713961018475653, 1713961018475860, 207
135, 1713961018489804, 1713961018490009, 205
136, 1713961018503912, 1713961018504119, 207
137, 1713961018518050, 1713961018518254, 204
138, 1713961018532160, 1713961018532366, 206
139, 1713961018546297, 1713961018546501, 204
140, 1713961018560404, 1713961018560611, 207
141, 1713961018574514, 1713961018574721, 207
142, 1713961018588651, 1713961018588857, 206
143, 1713961018602775, 1713961018602981, 206
144, 1713961018616907, 1713961018617137, 230
145, 1713961018633141, 1713961018633350, 209
146, 1713961018646426, 1713961018646635, 209
147, 1713961018659681, 1713961018659887, 206
148, 1713961018672907, 1713961018673115, 208
149, 1713961018686187, 1713961018686392, 205
150, 1713961018699437, 1713961018699643, 206
151, 1713961018712714, 1713961018712936, 222
152, 1713961018725977, 1713961018726217, 240
153, 1713961018739269, 1713961018739476, 207
154, 1713961018752519, 1713961018752727, 208
155, 1713961018765798, 1713961018766005, 207
156, 1713961018779046, 1713961018779251, 205
157, 1713961018792303, 1713961018792508, 205
158, 1713961018805588, 1713961018805792, 204
159, 1713961018818845, 1713961018819051, 206
160, 1713961018832131, 1713961018832336, 205
161, 1713961018845387, 1713961018845592, 205
162, 1713961018858642, 1713961018858847, 205
163, 1713961018871899, 1713961018872106, 207
164, 1713961018885184, 1713961018885390, 206
165, 1713961018898441, 1713961018898646, 205
166, 1713961018911696, 1713961018911901, 205
167, 1713961018924978, 1713961018925184, 206
168, 1713961018938233, 1713961018938440, 207
169, 1713961018951519, 1713961018951724, 205
170, 1713961018964774, 1713961018964994, 220
171, 1713961018978045, 1713961018978251, 206
172, 1713961018991303, 1713961018991509, 206
173, 1713961019004587, 1713961019004790, 203
174, 1713961019017858, 1713961019018065, 207
175, 1713961019031117, 1713961019031326, 209
176, 1713961019044405, 1713961019044612, 207
177, 1713961019057663, 1713961019057870, 207
178, 1713961019070946, 1713961019071151, 205
179, 1713961019084202, 1713961019084408, 206
180, 1713961019097457, 1713961019097663, 206
181, 1713961019110710, 1713961019110917, 207
182, 1713961019123995, 1713961019124201, 206
183, 1713961019137248, 1713961019137453, 205
184, 1713961019150504, 1713961019150730, 226
185, 1713961019172203, 1713961019172411, 208
186, 1713961019185138, 1713961019185342, 204
187, 1713961019198068, 1713961019198272, 204
188, 1713961019211016, 1713961019211239, 223
189, 1713961019226974, 1713961019227181, 207
190, 1713961019240713, 1713961019240934, 221
191, 1713961019254487, 1713961019254692, 205
192, 1713961019268305, 1713961019268509, 204
193, 1713961019282122, 1713961019282330, 208
194, 1713961019295917, 1713961019296122, 205
195, 1713961019309730, 1713961019309934, 204
196, 1713961019323518, 1713961019323723, 205
197, 1713961019337303, 1713961019337512, 209
198, 1713961019351122, 1713961019351327, 205
199, 1713961019364907, 1713961019365113, 206
