0, 1713958625405754, 1713958625405891, 137
1, 1713958625428007, 1713958625430673, 2666
2, 1713958625440323, 1713958625449941, 9618
3, 1713958625456100, 1713958625461374, 5274
4, 1713958625473617, 1713958625481845, 8228
5, 1713958625488050, 1713958625496458, 8408
6, 1713958625505681, 1713958625516527, 10846
7, 1713958625517980, 1713958625525522, 7542
8, 1713958625543146, 1713958625550892, 7746
9, 1713958625561209, 1713958625566891, 5682
10, 1713958625573412, 1713958625580752, 7340
11, 1713958625588095, 1713958625596945, 8850
12, 1713958625605750, 1713958625613642, 7892
13, 1713958625618028, 1713958625637195, 19167
14, 1713958625640218, 1713958625645527, 5309
15, 1713958625652372, 1713958625660744, 8372
16, 1713958625664556, 1713958625680546, 15990
17, 1713958625685411, 1713958625694947, 9536
18, 1713958625700049, 1713958625721962, 21913
19, 1713958625721058, 1713958625732287, 11229
20, 1713958625741979, 1713958625756441, 14462
21, 1713958625756950, 1713958625772445, 15495
22, 1713958625772995, 1713958625795274, 22279
23, 1713958625793981, 1713958625805180, 11199
24, 1713958625806291, 1713958625824076, 17785
25, 1713958625826543, 1713958625832676, 6133
26, 1713958625838914, 1713958625859766, 20852
27, 1713958625860051, 1713958625872424, 12373
28, 1713958625884602, 1713958625896683, 12081
29, 1713958625898827, 1713958625911205, 12378
30, 1713958625916163, 1713958625924190, 8027
31, 1713958625936447, 1713958625940073, 3626
32, 1713958625950850, 1713958625955092, 4242
33, 1713958625963155, 1713958625968861, 5706
34, 1713958625976112, 1713958625981450, 5338
35, 1713958626001394, 1713958626001537, 143
36, 1713958626015634, 1713958626017835, 2201
37, 1713958626027890, 1713958626028584, 694
38, 1713958626055722, 1713958626055784, 62
39, 1713958626070848, 1713958626073558, 2710
40, 1713958626083043, 1713958626089675, 6632
41, 1713958626095244, 1713958626104861, 9617
42, 1713958626107473, 1713958626117197, 9724
43, 1713958626129460, 1713958626141664, 12204
44, 1713958626144096, 1713958626153197, 9101
45, 1713958626165346, 1713958626170775, 5429
46, 1713958626180048, 1713958626188926, 8878
47, 1713958626201325, 1713958626205242, 3917
48, 1713958626213618, 1713958626221939, 8321
49, 1713958626225940, 1713958626239745, 13805
50, 1713958626251053, 1713958626259186, 8133
51, 1713958626263293, 1713958626276909, 13616
52, 1713958626277631, 1713958626289206, 11575
53, 1713958626296055, 1713958626308431, 12376
54, 1713958626312055, 1713958626324024, 11969
55, 1713958626328049, 1713958626339398, 11349
56, 1713958626350680, 1713958626354430, 3750
57, 1713958626369646, 1713958626371514, 1868
58, 1713958626381827, 1713958626390823, 8996
59, 1713958626401390, 1713958626406517, 5127
60, 1713958626413610, 1713958626420922, 7312
61, 1713958626433208, 1713958626434786, 1578
62, 1713958626453256, 1713958626456212, 2956
63, 1713958626465429, 1713958626472332, 6903
64, 1713958626480049, 1713958626485364, 5315
65, 1713958626497592, 1713958626504240, 6648
66, 1713958626512049, 1713958626519210, 7161
67, 1713958626529661, 1713958626535450, 5789
68, 1713958626544049, 1713958626549336, 5287
69, 1713958626561476, 1713958626570766, 9290
70, 1713958626576095, 1713958626581430, 5335
71, 1713958626597059, 1713958626602806, 5747
72, 1713958626609321, 1713958626616464, 7143
73, 1713958626624086, 1713958626636518, 12432
74, 1713958626639804, 1713958626653350, 13546
75, 1713958626656062, 1713958626682191, 26129
76, 1713958626688071, 1713958626698213, 10142
77, 1713958626702398, 1713958626717818, 15420
78, 1713958626716873, 1713958626737499, 20626
79, 1713958626741981, 1713958626754983, 13002
80, 1713958626756208, 1713958626770986, 14778
81, 1713958626769357, 1713958626783585, 14228
82, 1713958626781594, 1713958626793192, 11598
83, 1713958626796667, 1713958626804326, 7659
84, 1713958626821986, 1713958626825984, 3998
85, 1713958626838982, 1713958626842301, 3319
86, 1713958626851081, 1713958626856063, 4982
87, 1713958626863229, 1713958626876063, 12834
88, 1713958626875389, 1713958626889648, 14259
89, 1713958626892054, 1713958626908281, 16227
90, 1713958626904331, 1713958626926412, 22081
91, 1713958626924053, 1713958626945588, 21535
92, 1713958626952428, 1713958626964578, 12150
93, 1713958626966584, 1713958626981738, 15154
94, 1713958626988490, 1713958626999021, 10531
95, 1713958627000733, 1713958627012421, 11688
96, 1713958627017356, 1713958627025934, 8578
97, 1713958627032395, 1713958627047137, 14742
98, 1713958627049828, 1713958627063884, 14056
99, 1713958627072048, 1713958627077481, 5433
100, 1713958627089797, 1713958627095521, 5724
101, 1713958627109979, 1713958627118175, 8196
102, 1713958627122307, 1713958627142280, 19973
103, 1713958627143897, 1713958627153834, 9937
104, 1713958627169183, 1713958627177688, 8505
105, 1713958627181347, 1713958627195861, 14514
106, 1713958627205979, 1713958627213297, 7318
107, 1713958627218232, 1713958627225197, 6965
108, 1713958627237500, 1713958627247273, 9773
109, 1713958627252095, 1713958627257808, 5713
110, 1713958627269983, 1713958627282436, 12453
111, 1713958627282156, 1713958627293210, 11054
112, 1713958627300054, 1713958627307955, 7901
113, 1713958627328054, 1713958627328200, 146
114, 1713958627345260, 1713958627345402, 142
115, 1713958627359294, 1713958627361501, 2207
116, 1713958627371557, 1713958627373859, 2302
117, 1713958627386845, 1713958627388642, 1797
118, 1713958627405560, 1713958627406544, 984
119, 1713958627424052, 1713958627429827, 5775
120, 1713958627436364, 1713958627449938, 13574
121, 1713958627465661, 1713958627469998, 4337
122, 1713958627479760, 1713958627487533, 7773
123, 1713958627491930, 1713958627502419, 10489
124, 1713958627504351, 1713958627513192, 8841
125, 1713958627517095, 1713958627525228, 8133
126, 1713958627545799, 1713958627545940, 141
127, 1713958627559811, 1713958627561059, 1248
128, 1713958627580614, 1713958627581549, 935
129, 1713958627592786, 1713958627600900, 8114
130, 1713958627613979, 1713958627620633, 6654
131, 1713958627626226, 1713958627633802, 7576
132, 1713958627647914, 1713958627649380, 1466
133, 1713958627664266, 1713958627665676, 1410
134, 1713958627685512, 1713958627685656, 144
135, 1713958627701978, 1713958627705312, 3334
136, 1713958627721201, 1713958627722279, 1078
137, 1713958627733477, 1713958627736636, 3159
138, 1713958627752672, 1713958627757958, 5286
139, 1713958627764808, 1713958627774615, 9807
140, 1713958627780094, 1713958627798364, 18270
141, 1713958627792284, 1713958627813196, 20912
142, 1713958627804507, 1713958627834293, 29786
143, 1713958627827575, 1713958627853702, 26127
144, 1713958627839866, 1713958627879048, 39182
145, 1713958627868053, 1713958627892974, 24921
146, 1713958627888049, 1713958627911928, 23879
147, 1713958627905676, 1713958627927644, 21968
148, 1713958627917858, 1713958627942152, 24294
149, 1713958627936073, 1713958627957167, 21094
150, 1713958627955904, 1713958627969944, 14040
151, 1713958627973778, 1713958627993309, 19531
152, 1713958627988048, 1713958628008884, 20836
153, 1713958628009999, 1713958628030663, 20664
154, 1713958628032054, 1713958628047499, 15445
155, 1713958628046111, 1713958628066667, 20556
156, 1713958628061600, 1713958628082594, 20994
157, 1713958628075982, 1713958628097195, 21213
158, 1713958628088058, 1713958628115816, 27758
159, 1713958628109440, 1713958628129048, 19608
160, 1713958628121553, 1713958628149703, 28150
161, 1713958628136085, 1713958628160824, 24739
162, 1713958628162237, 1713958628182792, 20555
163, 1713958628184067, 1713958628195668, 11601
164, 1713958628197900, 1713958628214413, 16513
165, 1713958628216054, 1713958628228052, 11998
166, 1713958628229637, 1713958628246641, 17004
167, 1713958628248056, 1713958628261586, 13530
168, 1713958628261987, 1713958628272547, 10560
169, 1713958628284869, 1713958628289305, 4436
170, 1713958628301982, 1713958628306693, 4711
171, 1713958628321206, 1713958628323365, 2159
172, 1713958628333376, 1713958628339143, 5767
173, 1713958628345486, 1713958628353025, 7539
174, 1713958628360086, 1713958628374039, 13953
175, 1713958628386431, 1713958628394159, 7728
176, 1713958628398621, 1713958628410693, 12072
177, 1713958628416054, 1713958628426901, 10847
178, 1713958628430204, 1713958628450847, 20643
179, 1713958628449631, 1713958628471565, 21934
180, 1713958628461788, 1713958628491809, 30021
181, 1713958628483942, 1713958628510462, 26520
182, 1713958628496138, 1713958628526034, 29896
183, 1713958628522199, 1713958628533864, 11665
184, 1713958628534277, 1713958628549449, 15172
185, 1713958628556297, 1713958628561633, 5336
186, 1713958628573934, 1713958628582552, 8618
187, 1713958628588050, 1713958628610282, 22232
188, 1713958628605979, 1713958628626487, 20508
189, 1713958628618040, 1713958628643875, 25835
190, 1713958628630123, 1713958628657798, 27675
191, 1713958628642262, 1713958628673196, 30934
192, 1713958628664641, 1713958628688888, 24247
193, 1713958628687746, 1713958628696552, 8806
194, 1713958628699858, 1713958628721227, 21369
195, 1713958628720052, 1713958628745538, 25486
196, 1713958628737981, 1713958628758470, 20489
197, 1713958628752273, 1713958628764206, 11933
198, 1713958628766217, 1713958628777762, 11545
199, 1713958628789931, 1713958628793758, 3827
