0, 1713962248130123, 1713962248130659, 536
1, 1713962248155236, 1713962248155496, 260
2, 1713962248174344, 1713962248174488, 144
3, 1713962248188447, 1713962248188689, 242
4, 1713962248206345, 1713962248206488, 143
5, 1713962248220450, 1713962248220592, 142
6, 1713962248234505, 1713962248234745, 240
7, 1713962248248290, 1713962248248442, 152
8, 1713962248270343, 1713962248270484, 141
9, 1713962248284438, 1713962248284679, 241
10, 1713962248302344, 1713962248302483, 139
11, 1713962248316434, 1713962248316573, 139
12, 1713962248330834, 1713962248331075, 241
13, 1713962248350382, 1713962248350524, 142
14, 1713962248364469, 1713962248364708, 239
15, 1713962248382344, 1713962248382483, 139
16, 1713962248396408, 1713962248396645, 237
17, 1713962248414343, 1713962248414482, 139
18, 1713962248428406, 1713962248428646, 240
19, 1713962248450344, 1713962248450485, 141
20, 1713962248464411, 1713962248464649, 238
21, 1713962248478842, 1713962248478986, 144
22, 1713962248492590, 1713962248492653, 63
23, 1713962248505636, 1713962248505699, 63
24, 1713962248526344, 1713962248526406, 62
25, 1713962248540324, 1713962248540563, 239
26, 1713962248558343, 1713962248558482, 139
27, 1713962248572423, 1713962248572660, 237
28, 1713962248590343, 1713962248590481, 138
29, 1713962248604408, 1713962248604656, 248
30, 1713962248622344, 1713962248622481, 137
31, 1713962248636399, 1713962248636636, 237
32, 1713962248650829, 1713962248650972, 143
33, 1713962248670343, 1713962248670404, 61
34, 1713962248684347, 1713962248684585, 238
35, 1713962248698742, 1713962248698885, 143
36, 1713962248718343, 1713962248718404, 61
37, 1713962248732339, 1713962248732576, 237
38, 1713962248750343, 1713962248750482, 139
39, 1713962248764403, 1713962248764640, 237
40, 1713962248778831, 1713962248779068, 237
41, 1713962248792578, 1713962248792719, 141
42, 1713962248806337, 1713962248806479, 142
43, 1713962248820403, 1713962248820641, 238
44, 1713962248838344, 1713962248838483, 139
45, 1713962248852402, 1713962248852640, 238
46, 1713962248866833, 1713962248867068, 235
47, 1713962248880577, 1713962248880719, 142
48, 1713962248894337, 1713962248894479, 142
49, 1713962248908448, 1713962248908726, 278
50, 1713962248926344, 1713962248926483, 139
51, 1713962248940430, 1713962248940569, 139
52, 1713962248958344, 1713962248958482, 138
53, 1713962248972419, 1713962248972654, 235
54, 1713962248986842, 1713962248987079, 237
55, 1713962249006343, 1713962249006484, 141
56, 1713962249020403, 1713962249020645, 242
57, 1713962249034833, 1713962249035070, 237
58, 1713962249054343, 1713962249054484, 141
59, 1713962249068430, 1713962249068666, 236
60, 1713962249086343, 1713962249086483, 140
61, 1713962249100432, 1713962249100664, 232
62, 1713962249118344, 1713962249118403, 59
63, 1713962249132366, 1713962249132510, 144
64, 1713962249146767, 1713962249146911, 144
65, 1713962249160546, 1713962249160608, 62
66, 1713962249173588, 1713962249173651, 63
67, 1713962249187568, 1713962249187807, 239
68, 1713962249201336, 1713962249201482, 146
69, 1713962249215142, 1713962249215284, 142
70, 1713962249234343, 1713962249234402, 59
71, 1713962249248422, 1713962249248569, 147
72, 1713962249262953, 1713962249263191, 238
73, 1713962249276776, 1713962249276916, 140
74, 1713962249290356, 1713962249290496, 140
75, 1713962249304486, 1713962249304709, 223
76, 1713962249429912, 1713962249430055, 143
77, 1713962249443641, 1713962249443703, 62
78, 1713962249459114, 1713962249459257, 143
79, 1713962249472869, 1713962249473106, 237
80, 1713962249490344, 1713962249490405, 61
81, 1713962249504351, 1713962249504590, 239
82, 1713962249518733, 1713962249518876, 143
83, 1713962249538343, 1713962249538404, 61
84, 1713962249552299, 1713962249552537, 238
85, 1713962249566807, 1713962249567043, 236
86, 1713962249580537, 1713962249580679, 142
87, 1713962249594357, 1713962249594497, 140
88, 1713962249608414, 1713962249608656, 242
89, 1713962249626344, 1713962249626482, 138
90, 1713962249640378, 1713962249640521, 143
91, 1713962249654795, 1713962249655031, 236
92, 1713962249674343, 1713962249674482, 139
93, 1713962249694344, 1713962249694483, 139
94, 1713962249710455, 1713962249710715, 260
95, 1713962249727126, 1713962249727271, 145
96, 1713962249741780, 1713962249742023, 243
97, 1713962249755614, 1713962249755854, 240
98, 1713962249774343, 1713962249774552, 209
99, 1713962249788206, 1713962249788445, 239
100, 1713962249802066, 1713962249802305, 239
101, 1713962249815806, 1713962249815973, 167
102, 1713962249830912, 1713962249831165, 253
103, 1713962249844667, 1713962249844809, 142
104, 1713962249857732, 1713962249857873, 141
105, 1713962249878343, 1713962249878484, 141
106, 1713962249892302, 1713962249892548, 246
107, 1713962249910344, 1713962249910483, 139
108, 1713962249924320, 1713962249924466, 146
109, 1713962249942343, 1713962249942402, 59
110, 1713962249956298, 1713962249956437, 139
111, 1713962249974342, 1713962249974402, 60
112, 1713962249988275, 1713962249988415, 140
113, 1713962250002142, 1713962250002284, 142
114, 1713962250015882, 1713962250015944, 62
115, 1713962250030930, 1713962250031075, 145
116, 1713962250044672, 1713962250044734, 62
117, 1713962250057713, 1713962250057774, 61
118, 1713962250078343, 1713962250078553, 210
119, 1713962250092207, 1713962250092353, 146
120, 1713962250110343, 1713962250110402, 59
121, 1713962250124269, 1713962250124414, 145
122, 1713962250142343, 1713962250142402, 59
123, 1713962250156298, 1713962250156537, 239
124, 1713962250170130, 1713962250170272, 142
125, 1713962250183896, 1713962250183959, 63
126, 1713962250198757, 1713962250198898, 141
127, 1713962250212627, 1713962250212862, 235
128, 1713962250226456, 1713962250226599, 143
129, 1713962250240238, 1713962250240316, 78
130, 1713962250255091, 1713962250255330, 239
131, 1713962250268887, 1713962250269123, 236
132, 1713962250286344, 1713962250286485, 141
133, 1713962250300288, 1713962250300494, 206
134, 1713962250318343, 1713962250318485, 142
135, 1713962250332271, 1713962250332414, 143
136, 1713962250346138, 1713962250346389, 251
137, 1713962250359877, 1713962250360012, 135
138, 1713962250374851, 1713962250374995, 144
139, 1713962250394343, 1713962250394403, 60
140, 1713962250408298, 1713962250408535, 237
141, 1713962250426343, 1713962250426481, 138
142, 1713962250440297, 1713962250440535, 238
143, 1713962250458343, 1713962250458483, 140
144, 1713962250472298, 1713962250472576, 278
145, 1713962250488421, 1713962250488567, 146
146, 1713962250502337, 1713962250502482, 145
147, 1713962250516149, 1713962250516212, 63
148, 1713962250531697, 1713962250531937, 240
149, 1713962250545565, 1713962250545805, 240
150, 1713962250559476, 1713962250559714, 238
151, 1713962250573454, 1713962250573693, 239
152, 1713962250587402, 1713962250587677, 275
153, 1713962250601232, 1713962250601376, 144
154, 1713962250618344, 1713962250618404, 60
155, 1713962250632368, 1713962250632607, 239
156, 1713962250646256, 1713962250646506, 250
157, 1713962250660088, 1713962250660226, 138
158, 1713962250676550, 1713962250676696, 146
159, 1713962250694344, 1713962250694404, 60
160, 1713962250708321, 1713962250708466, 145
161, 1713962250726342, 1713962250726401, 59
162, 1713962250740320, 1713962250740555, 235
163, 1713962250758343, 1713962250758402, 59
164, 1713962250772338, 1713962250772576, 238
165, 1713962250786248, 1713962250786497, 249
166, 1713962250800058, 1713962250802048, 1990
167, 1713962250822342, 1713962250822481, 139
168, 1713962250836915, 1713962250837152, 237
169, 1713962250854344, 1713962250854481, 137
170, 1713962250868914, 1713962250869059, 145
171, 1713962250882832, 1713962250883070, 238
172, 1713962250896632, 1713962250896774, 142
173, 1713962250909486, 1713962250909625, 139
174, 1713962250930342, 1713962250930480, 138
175, 1713962250944257, 1713962250944499, 242
176, 1713962250958747, 1713962250958984, 237
177, 1713962250972564, 1713962250972705, 141
178, 1713962250985387, 1713962250985526, 139
179, 1713962251006343, 1713962251006481, 138
180, 1713962251020940, 1713962251021082, 142
181, 1713962251038392, 1713962251038452, 60
182, 1713962251052427, 1713962251052488, 61
183, 1713962251076400, 1713962251076460, 60
184, 1713962251089482, 1713962251089545, 63
185, 1713962251102564, 1713962251102626, 62
186, 1713962251118750, 1713962251118989, 239
187, 1713962251138343, 1713962251138550, 207
188, 1713962251152297, 1713962251152535, 238
189, 1713962251166180, 1713962251166337, 157
190, 1713962251180007, 1713962251180069, 62
191, 1713962251195781, 1713962251196019, 238
192, 1713962251209595, 1713962251209734, 139
193, 1713962251223572, 1713962251223811, 239
194, 1713962251237404, 1713962251237642, 238
195, 1713962251251221, 1713962251251456, 235
196, 1713962251265902, 1713962251266137, 235
197, 1713962251279807, 1713962251279950, 143
198, 1713962251294476, 1713962251294618, 142
199, 1713962251310337, 1713962251310401, 64
